2.000000000000000000e+05
1.733755799500363064e+05
1.502954586150571704e+05
1.302878115062111174e+05
1.129436244015518314e+05
9.790833191139061819e+04
8.487456913538997469e+04
7.357588823428844626e+04
6.378131146479407471e+04
5.529060932591286837e+04
4.793020728835515911e+04
4.154963742872016155e+04
3.601846242959046504e+04
3.122360906319421338e+04
2.706705664732252262e+04
2.346383321885015539e+04
2.034027846084535850e+04
1.763253787247148284e+04
1.528525739815361521e+04
1.325045183045233352e+04
1.148652385352346937e+04
9.957413673572789776e+03
8.631861852290516254e+03
7.482770273447315958e+03
6.486648178959098914e+03
5.623131949794406864e+03
4.874568814655919596e+03
4.225655976236654169e+03
3.663127777746833090e+03
3.175484514489726280e+03
2.752757346610080276e+03
2.386304507151228336e+03
2.068634639323648116e+03
1.793253651487359775e+03
1.554531959120706006e+03
1.347589399817093408e+03
1.168195468639049295e+03
1.012682834351497831e+03
8.778723685556878991e+02
7.610081551022718713e+02
6.597011511878182546e+02
5.718803484044726702e+02
4.957504353332716960e+02
4.297550961819450208e+02
3.725451951851413241e+02
3.229511963641169245e+02
2.799592548259340674e+02
2.426904908391317690e+02
2.103830229879669673e+02
1.823763931109030807e+02
1.580980646239932241e+02
1.370517182158156970e+02
1.188071056440800817e+02
1.029912542161379605e+02
8.928084214752276182e+01
7.739558892877205665e+01
6.709252558050225446e+01
5.816102766416115344e+01
5.041850950882025728e+01
4.370669163154069281e+01
3.788836504657884774e+01
3.284458631654642602e+01
2.847224600425133545e+01
2.468196081733586311e+01
2.139624635504840100e+01
1.854793310280184926e+01
1.607879329286374315e+01
1.393835056023503505e+01
1.208284805963829989e+01
1.047435394893981275e+01
9.079985952496970825e+00
7.871239152261715333e+00
6.823403264744039909e+00
5.915057491289838154e+00
5.127632614950916157e+00
4.445031391939184395e+00
3.853299477367868153e+00
3.340340158049131869e+00
2.895667060660817693e+00
2.510189779921432329e+00
2.176028044392662952e+00
1.886350620920607790e+00
1.635235664456105464e+00
1.417549658400302004e+00
1.228842470665642006e+00
1.065256380094456334e+00
9.234472134717640612e-01
8.005159809445578922e-01
6.939496122776752651e-01
6.015695824237241585e-01
5.214873761650721251e-01
4.520658813962108447e-01
3.918859218134614908e-01
3.397172448433175562e-01
2.944933717186934974e-01
2.552897955658506857e-01
2.213050818077771653e-01
1.918444845215681316e-01
1.663057438207132810e-01
1.441667739196917375e-01
1.249749901892616977e-01
